[6502, 3250, 1612]
[9977, 4985, 2495]
[762, 380, 191]
[5499, 2748, 1381]
[291, 143, 72]
[269, 133, 65]
[2798, 1397, 707]
[2564, 1280, 638]
[6041, 3019, 1511]
[6719, 3353, 1695]
[621, 306, 154]
[4750, 2373, 1170]
[7977, 3987, 2005]
[656, 327, 156]
[247, 123, 61]
[7872, 3932, 1969]
[3474, 1735, 876]
[4866, 2431, 1223]
[219, 108, 57]
[5893, 2945, 1452]
[4815, 2406, 1189]
[8878, 4435, 2212]
[470, 234, 116]
[250, 123, 62]
[4051, 2024, 995]
[4347, 2170, 1101]
[1931, 964, 479]
[9197, 4597, 2312]
[9669, 4833, 2396]
[9740, 4869, 2446]
[3870, 1931, 971]
[6853, 3425, 1723]
[6320, 3159, 1596]
[6133, 3065, 1548]
[6745, 3370, 1683]
[3800, 1898, 942]
[482, 239, 117]
[151, 74, 36]
[3282, 1640, 825]
[9799, 4898, 2431]
[5580, 2788, 1396]
[5797, 2896, 1458]
[9420, 4709, 2376]
[4487, 2241, 1129]
[9854, 4925, 2489]
[4257, 2127, 1064]
[9789, 4891, 2456]
[3727, 1862, 935]
[9043, 4520, 2262]
[9645, 4821, 2425]
[9474, 4735, 2372]
[7745, 3871, 1910]
[3824, 1911, 946]
[9061, 4529, 2276]
[4944, 2471, 1235]
[2103, 1050, 516]
[8851, 4423, 2193]
[7381, 3689, 1812]
[2253, 1125, 558]
[4141, 2068, 1043]
[6268, 3132, 1557]
[730, 362, 182]
[9871, 4934, 2473]
[5574, 2786, 1390]
[1558, 776, 397]
[7724, 3861, 1913]
[6830, 3414, 1686]
[6617, 3307, 1637]
[3764, 1881, 942]
[4272, 2131, 1040]
[4285, 2140, 1066]
[8216, 4105, 2042]
[5232, 2613, 1304]
[5946, 2968, 1467]
[14, 6, 2]
[6757, 3377, 1683]
[8326, 4160, 2091]
[1792, 892, 447]
[924, 461, 233]
[9962, 4980, 2514]
[7795, 3896, 1940]
[4769, 2382, 1196]
[8203, 4098, 2053]
[3597, 1797, 918]
[7892, 3944, 1975]
[7012, 3505, 1775]
[3390, 1694, 857]
[6069, 3032, 1514]
[2742, 1368, 692]
[2556, 1277, 631]
[1355, 675, 329]
[2063, 1030, 505]
[6929, 3463, 1739]
[6255, 3125, 1575]
[7936, 3966, 1985]
[6910, 3454, 1725]
[867, 432, 223]
[5260, 2628, 1292]
[5826, 2909, 1472]
[587, 292, 145]
[2062, 1028, 516]
[8585, 4291, 2155]
[2175, 1086, 549]
[3936, 1966, 970]
[9132, 4560, 2295]
[1063, 530, 263]
[5341, 2669, 1334]
[9985, 4990, 2478]
[93, 45, 25]
[306, 152, 74]
[6244, 3118, 1559]
[112, 54, 28]
[311, 154, 77]
[9149, 4572, 2304]
[1843, 919, 468]
[8162, 4078, 2037]
[8300, 4147, 2079]
[1505, 749, 366]
[4414, 2202, 1108]
[5659, 2828, 1419]
[9538, 4768, 2369]
[6567, 3282, 1665]
[495, 244, 120]
[7717, 3856, 1939]
[9398, 4697, 2329]
[4839, 2418, 1223]
[7661, 3828, 1919]
[2415, 1206, 592]
[6400, 3198, 1605]
[9623, 4809, 2433]
[5575, 2786, 1367]
[6014, 3006, 1479]
[6043, 3020, 1506]
[9268, 4633, 2316]
[208, 103, 53]
[2635, 1316, 663]
[3699, 1848, 936]
[8744, 4370, 2186]
[6534, 3266, 1633]
[9797, 4897, 2456]
[2260, 1129, 564]
[3915, 1956, 990]
[5541, 2768, 1368]
[559, 278, 137]
[6523, 3259, 1620]
[8264, 4131, 2048]
[5977, 2986, 1468]
[8911, 4454, 2235]
[1689, 843, 423]
[9761, 4879, 2452]
[9903, 4950, 2485]
[7555, 3776, 1862]
[7750, 3872, 1938]
[5073, 2535, 1261]
[3803, 1900, 953]
[6202, 3100, 1546]
[5017, 2507, 1238]
[9363, 4680, 2316]
[3792, 1891, 945]
[4171, 2083, 1060]
[8633, 4315, 2160]
[2580, 1289, 646]
[4296, 2146, 1046]
[3169, 1582, 795]
[1481, 739, 376]
[7296, 3646, 1846]
[4445, 2220, 1115]
[4905, 2451, 1242]
[5581, 2789, 1393]
[8932, 4465, 2243]
[5398, 2697, 1345]
[3437, 1717, 865]
[1842, 920, 456]
[6506, 3252, 1624]
[4837, 2416, 1189]
[4020, 2007, 1001]
[6776, 3386, 1686]
[927, 462, 219]
[1924, 960, 480]
[8619, 4307, 2155]
[2690, 1344, 675]
[8282, 4139, 2088]
[7190, 3593, 1813]
[3223, 1610, 804]
[4771, 2383, 1173]
[7587, 3792, 1903]
[6997, 3496, 1754]
[3640, 1818, 900]
[4474, 2235, 1120]
[6024, 3011, 1521]
[1512, 755, 373]
[4527, 2261, 1104]
[3675, 1835, 915]
[9807, 4901, 2445]
[8437, 4217, 2095]
[1093, 543, 281]
[8142, 4068, 2056]
[5526, 2761, 1389]
[2154, 1075, 534]
[4115, 2055, 1027]
[2088, 1042, 520]
[5057, 2526, 1254]
[9374, 4685, 2355]
[6694, 3346, 1675]
[7767, 3880, 1928]
[6946, 3470, 1725]
[7919, 3958, 1978]
[5534, 2766, 1377]
[5396, 2692, 1366]
[8554, 4276, 2112]
[4842, 2420, 1216]
[414, 205, 102]
[9047, 4522, 2271]
[6174, 3084, 1530]
[3708, 1852, 918]
[3026, 1511, 761]
[3566, 1782, 875]
[4867, 2432, 1219]
[8611, 4302, 2176]
[345, 171, 88]
[6061, 3027, 1503]
[5784, 2890, 1445]
[4220, 2107, 1053]
[8331, 4164, 2080]
[3081, 1538, 765]
[6400, 3199, 1586]
[7012, 3504, 1738]
[8891, 4444, 2211]
[1159, 578, 289]
[8275, 4136, 2063]
[2721, 1355, 682]
[6772, 3385, 1699]
[4139, 2067, 1036]
[7681, 3839, 1910]
[9013, 4505, 2257]
[3327, 1662, 827]
[5376, 2687, 1330]
[6785, 3391, 1690]
[373, 184, 92]
[943, 470, 242]
[6749, 3373, 1682]
[6927, 3461, 1735]
[4317, 2156, 1075]
[5327, 2661, 1312]
[9250, 4624, 2295]
[984, 489, 241]
[4148, 2071, 1049]
[2830, 1413, 714]
[1863, 928, 461]
[8814, 4403, 2230]
[3709, 1853, 928]
[6500, 3249, 1640]
[6421, 3209, 1605]
[8331, 4163, 2099]
[3820, 1909, 949]
[7669, 3832, 1908]
[6171, 3083, 1526]
[4897, 2447, 1229]
[8452, 4225, 2120]
[9532, 4765, 2355]
[4907, 2452, 1225]
[3400, 1699, 836]
[1059, 528, 267]
[5382, 2689, 1372]
[1694, 844, 424]
[638, 317, 160]
[7951, 3973, 2011]
[6986, 3491, 1749]
[3427, 1712, 847]
[461, 228, 113]
[6115, 3056, 1520]
[7886, 3942, 1966]
[3810, 1904, 951]
[469, 233, 113]
[7462, 3729, 1850]
[2341, 1167, 590]
[2654, 1326, 657]
[7026, 3511, 1766]
[120, 58, 29]
[3121, 1558, 766]
[3842, 1916, 973]
[4857, 2424, 1216]
[110, 52, 25]
[328, 163, 80]
[3799, 1898, 945]
[8532, 4263, 2135]
[3499, 1748, 873]
[9102, 4549, 2287]
[4840, 2419, 1220]
[5795, 2896, 1424]
[9953, 4975, 2469]
[6149, 3072, 1530]
[9383, 4690, 2357]
[6879, 3437, 1713]
[3513, 1755, 868]
[3813, 1905, 944]
[1698, 845, 437]
[9678, 4837, 2426]
[5369, 2683, 1367]
[5639, 2817, 1403]
[3593, 1795, 898]
[8008, 4002, 2012]
[6423, 3210, 1594]
[9278, 4638, 2341]
[9226, 4611, 2315]
[9005, 4501, 2267]
[4513, 2253, 1105]
[941, 468, 230]
[2114, 1056, 515]
[6213, 3105, 1573]
[2307, 1152, 574]
[615, 306, 161]
[4323, 2159, 1076]
[6853, 3424, 1730]
[7106, 3549, 1771]
[8772, 4383, 2189]
[3800, 1899, 957]
[5386, 2690, 1348]
[3012, 1505, 763]
[3399, 1698, 831]
[877, 437, 217]
[566, 282, 136]
[9314, 4655, 2334]
[840, 418, 213]
[9078, 4536, 2258]
[9891, 4944, 2434]
[6271, 3132, 1585]
[5155, 2576, 1286]
[8519, 4258, 2120]
[3611, 1804, 894]
[975, 486, 235]
[8492, 4245, 2097]
[2469, 1232, 612]
[255, 125, 58]
[1476, 737, 367]
[9303, 4648, 2315]
[8878, 4436, 2210]
[7033, 3514, 1782]
[6922, 3459, 1734]
[6158, 3075, 1535]
[9107, 4552, 2276]
[1383, 689, 342]
[5129, 2562, 1300]
[2367, 1178, 583]
[5458, 2728, 1370]
[4473, 2235, 1102]
[6684, 3341, 1679]
[660, 327, 167]
[7634, 3814, 1913]
[3483, 1740, 863]
[6467, 3232, 1616]
[7776, 3886, 1954]
[5776, 2887, 1441]
[7175, 3586, 1781]
[9291, 4644, 2314]
[5959, 2978, 1499]
[4360, 2179, 1110]
[8396, 4197, 2111]
[6271, 3134, 1564]
[2082, 1040, 523]
[6889, 3441, 1727]
[7945, 3970, 1985]
[2467, 1231, 620]
[5417, 2707, 1340]
[6071, 3034, 1512]
[6539, 3268, 1600]
[4380, 2188, 1093]
[1895, 946, 487]
[7951, 3972, 1955]
[5490, 2742, 1357]
[7958, 3978, 1961]
[6123, 3060, 1511]
[1359, 678, 340]
[2137, 1067, 532]
[3896, 1946, 967]
[2383, 1190, 600]
[5917, 2957, 1487]
[3099, 1546, 775]
[7248, 3623, 1812]
[2385, 1191, 596]
[2871, 1434, 715]
[6955, 3475, 1729]
[2604, 1300, 655]
[634, 315, 165]
[3050, 1523, 758]
[8099, 4046, 2020]
[4436, 2216, 1122]
[7924, 3961, 1992]
[5348, 2673, 1357]
[5214, 2606, 1299]
[4611, 2304, 1166]
[9712, 4854, 2423]
[7341, 3669, 1829]
[1034, 513, 262]
[5508, 2751, 1391]
[8871, 4434, 2208]
[6837, 3415, 1716]
[4904, 2448, 1227]
[7708, 3852, 1937]
[1727, 862, 425]
[9492, 4744, 2379]
[6022, 3010, 1500]
[5795, 2894, 1433]
[2114, 1055, 524]
[2974, 1486, 761]
[3162, 1580, 796]
[4468, 2232, 1096]
[735, 366, 179]
[2580, 1289, 645]
[6218, 3104, 1556]
[9838, 4918, 2475]
[6078, 3037, 1535]
[6696, 3346, 1665]
[5934, 2966, 1485]
[7583, 3790, 1867]
[8789, 4393, 2224]
[3048, 1522, 754]
[842, 419, 214]
[446, 221, 109]
[3511, 1754, 872]
[8288, 4143, 2075]
[4607, 2302, 1139]
[2453, 1225, 624]
[969, 483, 247]
[4150, 2072, 1045]
[2717, 1357, 681]
[6194, 3096, 1536]
[8327, 4160, 2053]
[3134, 1564, 785]
[4809, 2403, 1196]
[2526, 1262, 615]
[7696, 3847, 1939]
[5481, 2739, 1372]
[7748, 3873, 1929]
[9115, 4556, 2263]
[1103, 549, 279]
[7062, 3529, 1760]
[5062, 2530, 1246]
[5413, 2705, 1368]
[5166, 2580, 1287]
[4727, 2362, 1164]
[307, 152, 75]
[6849, 3421, 1727]
[281, 138, 65]
[1655, 826, 414]
[5506, 2751, 1388]
[265, 131, 69]
[7217, 3607, 1802]
[269, 132, 69]
[957, 475, 242]
[6011, 3004, 1467]
[8652, 4325, 2149]
[4432, 2213, 1124]
[9356, 4676, 2343]
[9436, 4717, 2349]
[4447, 2222, 1113]
[5772, 2882, 1456]
[5462, 2730, 1361]
[6028, 3013, 1500]
[7189, 3593, 1826]
[1253, 625, 314]
[2329, 1162, 584]
[9934, 4966, 2475]
[8911, 4454, 2193]
[390, 193, 97]
[6530, 3263, 1608]
[5199, 2598, 1308]
[809, 403, 201]
[860, 427, 214]
[7693, 3845, 1949]
[2668, 1333, 637]
[5207, 2600, 1287]
[726, 361, 186]
[2234, 1115, 553]
[3255, 1625, 820]
[3120, 1559, 788]
[3912, 1954, 964]
[7166, 3581, 1805]
[9994, 4996, 2504]
[1281, 639, 324]
[3176, 1587, 808]
[7557, 3770, 1851]
[7154, 3575, 1794]
[9737, 4867, 2433]
[1414, 703, 348]
[346, 171, 88]
[4582, 2290, 1148]
[4767, 2382, 1181]
[7783, 3890, 1955]
[8008, 4003, 2002]
[9385, 4691, 2348]
[2223, 1110, 529]
[9916, 4957, 2493]
[7868, 3932, 1978]
[5094, 2545, 1261]
[3179, 1588, 812]
[7248, 3621, 1829]
[6740, 3368, 1700]
[525, 261, 133]
[7242, 3620, 1813]
[3367, 1682, 852]
[5986, 2992, 1509]
[6691, 3342, 1650]
[8787, 4392, 2206]
[7222, 3609, 1822]
[9145, 4570, 2293]
[330, 164, 82]
[7979, 3987, 1992]
[3996, 1997, 986]
[2774, 1385, 694]
[6882, 3438, 1704]
[1477, 737, 350]
[6509, 3253, 1629]
[1340, 668, 347]
[4082, 2037, 1015]
[7410, 3704, 1849]
[7125, 3561, 1778]
[8641, 4319, 2187]
[9704, 4849, 2445]
[5440, 2718, 1333]
[8320, 4158, 2095]
[1507, 751, 371]
[3488, 1741, 863]
[5476, 2737, 1364]
[7276, 3637, 1820]
[6357, 3177, 1575]
[3762, 1880, 936]
[7989, 3993, 1995]
[6211, 3104, 1569]
[5528, 2760, 1393]
[3864, 1930, 969]
[4755, 2374, 1206]
[5464, 2729, 1344]
[8284, 4139, 2081]
[2126, 1061, 523]
[1340, 668, 335]
[827, 409, 201]
[861, 429, 216]
[1864, 930, 469]
[1677, 837, 427]
[59, 28, 14]
[1009, 503, 261]
[4591, 2294, 1149]
[661, 328, 166]
[6100, 3049, 1503]
[5100, 2548, 1269]
[526, 260, 130]
[2870, 1433, 712]
[6096, 3045, 1514]
[66, 32, 18]
[5313, 2655, 1321]
[4229, 2112, 1044]
[6019, 3008, 1473]
[8170, 4084, 2036]
[879, 436, 219]
[8705, 4350, 2190]
[419, 208, 106]
[9959, 4978, 2502]
[1328, 662, 337]
[4002, 1998, 994]
[5619, 2808, 1404]
[9589, 4793, 2401]
[1873, 933, 476]
[8593, 4293, 2153]
[2547, 1272, 628]
[7166, 3582, 1795]
[9957, 4977, 2499]
[7422, 3710, 1859]
[2312, 1155, 577]
[4766, 2381, 1199]
[2889, 1443, 724]
[5136, 2567, 1275]
[3623, 1810, 900]
[6323, 3158, 1565]
[5619, 2808, 1405]
[3791, 1891, 941]
[6191, 3094, 1542]
[6749, 3373, 1672]
[5594, 2795, 1404]
[6670, 3332, 1669]
[8366, 4181, 2073]
[2289, 1143, 555]
[9031, 4513, 2280]
[1011, 504, 247]
[455, 226, 113]
[2404, 1201, 599]
[4385, 2191, 1112]
[294, 144, 71]
[7367, 3681, 1847]
[3282, 1640, 831]
[4341, 2169, 1088]
[1032, 515, 262]
[5566, 2778, 1388]
[4431, 2213, 1110]
[7193, 3594, 1794]
[9939, 4967, 2503]
[9646, 4822, 2411]
[2782, 1388, 679]
[2167, 1081, 534]
[4822, 2409, 1208]
[3290, 1644, 823]
[3202, 1600, 802]
[898, 448, 229]
[6561, 3279, 1633]
[7835, 3915, 1937]
[400, 198, 101]
[9077, 4537, 2282]
[165, 81, 42]
[9243, 4620, 2325]
[4833, 2415, 1222]
[8111, 4053, 2025]
[12, 5, 2]
[868, 432, 223]
[4398, 2196, 1104]
[6493, 3245, 1635]
[8136, 4065, 2049]
[5081, 2539, 1262]
[4459, 2228, 1128]
[4592, 2294, 1154]
[4685, 2341, 1186]
[1578, 787, 397]
[1073, 533, 270]
[4548, 2271, 1152]
[6540, 3265, 1640]
[3961, 1979, 989]
[6142, 3069, 1545]
[9045, 4521, 2245]
[3467, 1732, 862]
[9063, 4528, 2246]
[8680, 4338, 2150]
[8898, 4447, 2191]
[1166, 581, 287]
[5414, 2705, 1334]
[3362, 1680, 832]
[9562, 4779, 2386]
[7109, 3551, 1773]
[8215, 4106, 2058]
[6106, 3051, 1532]
[981, 486, 240]
[8150, 4074, 2022]
[8255, 4125, 2054]
[6549, 3273, 1626]
[3466, 1731, 861]
[8551, 4274, 2145]
[1300, 647, 318]
[8984, 4489, 2244]
[4759, 2378, 1193]
[3290, 1643, 826]
[2669, 1333, 665]
[6570, 3282, 1653]
[9816, 4907, 2486]
[4296, 2147, 1060]
[8951, 4473, 2234]
[8432, 4214, 2121]
[5426, 2712, 1367]
[6614, 3305, 1638]
[5094, 2545, 1265]
[5657, 2827, 1395]
[6325, 3161, 1576]
[7387, 3692, 1845]
[488, 243, 125]
[136, 66, 31]
[8104, 4050, 2044]
[3040, 1518, 756]
[2059, 1027, 518]
[9683, 4840, 2442]
[4958, 2478, 1235]
[9067, 4530, 2248]
[5915, 2956, 1489]
[3950, 1973, 992]
[7026, 3512, 1749]
[2426, 1211, 609]
[1576, 786, 383]
[8263, 4130, 2085]
[2960, 1474, 739]
[8690, 4343, 2150]
[4502, 2250, 1125]
[6717, 3357, 1682]
[8222, 4109, 2068]
[4855, 2426, 1209]
[3246, 1622, 813]
[1597, 797, 396]
[8571, 4282, 2118]
[3948, 1973, 973]
[7324, 3660, 1865]
[3512, 1755, 881]
[1214, 606, 304]
[9456, 4726, 2366]
[702, 349, 176]
[5528, 2762, 1393]
[3197, 1597, 796]
[5994, 2995, 1503]
[3632, 1814, 905]
[4987, 2492, 1250]
[7718, 3857, 1946]
[7590, 3793, 1904]
[2516, 1257, 614]
[8735, 4365, 2165]
[4283, 2139, 1058]
[6522, 3260, 1638]
[3462, 1730, 855]
[1031, 514, 259]
[7876, 3937, 1967]
[3716, 1856, 947]
[218, 107, 56]
[8528, 4262, 2129]
[5647, 2822, 1397]
[6381, 3187, 1580]
[1339, 668, 329]
[3432, 1714, 858]
[7015, 3505, 1763]
[9774, 4884, 2422]
[4538, 2267, 1161]
[4170, 2084, 1051]
[4543, 2269, 1140]
[7789, 3892, 1951]
[8479, 4237, 2104]
[2727, 1361, 682]
[8445, 4220, 2122]
[1373, 684, 343]
[3529, 1762, 891]
[9189, 4591, 2292]
[7195, 3596, 1795]
[4721, 2359, 1168]
[3353, 1674, 836]
[6957, 3476, 1738]
[302, 148, 75]
[6641, 3319, 1650]
[8680, 4339, 2171]
[6618, 3308, 1648]
[7078, 3536, 1782]
[8536, 4265, 2135]
[3017, 1506, 751]
[2503, 1250, 620]
[6945, 3470, 1736]
[1029, 512, 268]
[7675, 3836, 1929]
[3603, 1799, 891]
[2686, 1341, 651]
[8421, 4209, 2115]
[70, 34, 16]
[9703, 4849, 2428]
[7921, 3959, 1987]
[3906, 1952, 986]
[4907, 2452, 1215]
[4331, 2164, 1057]
[4058, 2028, 1020]
[8715, 4355, 2188]
[2644, 1320, 662]
[8456, 4226, 2122]
[9983, 4990, 2518]
[5256, 2625, 1306]
[3394, 1695, 858]
[2726, 1362, 660]
[9812, 4904, 2455]
[7682, 3839, 1918]
[7284, 3640, 1810]
[1493, 745, 365]
[208, 103, 50]
[3305, 1651, 843]
[4238, 2118, 1052]
[8852, 4425, 2207]
[8948, 4472, 2212]
[4822, 2409, 1201]
[7124, 3558, 1788]
[5520, 2757, 1379]
[680, 339, 164]
[6389, 3193, 1602]
[2235, 1114, 557]
[5466, 2732, 1357]
[4182, 2090, 1051]
[6257, 3127, 1575]
[230, 113, 55]
[2926, 1462, 723]
[7777, 3887, 1992]
[4893, 2445, 1223]
[8788, 4392, 2205]
[3676, 1836, 915]
[6056, 3025, 1513]
[297, 147, 74]
[5493, 2744, 1388]
[9245, 4621, 2307]
[1554, 773, 388]
[1574, 784, 396]
[5757, 2875, 1429]
[9142, 4570, 2275]
[9600, 4799, 2411]
[7727, 3861, 1928]
[5956, 2975, 1493]
[4087, 2042, 1028]
[3240, 1615, 806]
[1094, 545, 265]
[6362, 3179, 1607]
[2770, 1384, 698]
[7783, 3890, 1928]
[3915, 1956, 980]
[1963, 980, 499]
[5701, 2848, 1428]
[1343, 670, 332]
[2078, 1037, 524]
[1791, 892, 449]
[2337, 1167, 597]
[8531, 4263, 2127]
[2278, 1136, 577]
[9005, 4501, 2263]
[1900, 949, 495]
[9387, 4691, 2364]
[7519, 3757, 1877]
[4635, 2316, 1164]
[3999, 1998, 1007]
[4558, 2278, 1156]
[1203, 600, 306]
[7648, 3822, 1938]
[2520, 1258, 622]
[778, 387, 191]
[1855, 926, 453]
[2777, 1387, 682]
[5126, 2562, 1302]
[7765, 3881, 1939]
[8986, 4492, 2266]
[5429, 2713, 1360]
[1112, 553, 267]
[8804, 4400, 2205]
[5530, 2763, 1391]
[9894, 4944, 2452]
[2412, 1204, 609]
[2478, 1237, 629]
[3847, 1922, 956]
[3101, 1549, 779]
[6075, 3036, 1509]
[2296, 1147, 574]
[368, 182, 93]
[1164, 581, 294]
[1692, 844, 429]
[4272, 2134, 1060]
[8615, 4306, 2139]
[110, 54, 27]
[3906, 1952, 978]
[9930, 4964, 2480]
[1571, 784, 395]
[5353, 2675, 1341]
[8432, 4214, 2123]
[3638, 1817, 903]
[2123, 1060, 532]
[6683, 3340, 1664]
[9783, 4890, 2478]
[8704, 4350, 2163]
[4673, 2335, 1157]
[6885, 3439, 1729]
[320, 159, 76]
[6260, 3129, 1576]
[1918, 957, 475]
[2417, 1207, 611]
[3152, 1575, 778]
[4574, 2285, 1131]
[8255, 4125, 2085]
[4039, 2018, 989]
[5914, 2955, 1486]
[4155, 2075, 1050]
[5322, 2659, 1328]
[3744, 1871, 944]
[8545, 4271, 2145]
[5783, 2890, 1438]
[5758, 2878, 1439]
[1906, 950, 471]
[5781, 2888, 1469]
[4424, 2210, 1110]
[8445, 4219, 2121]
[5166, 2579, 1277]
[4287, 2142, 1073]
[1864, 931, 456]
[2202, 1099, 550]
[1243, 620, 307]
[5091, 2543, 1258]
[4894, 2446, 1217]
[5192, 2595, 1285]
[1626, 812, 415]
[4322, 2158, 1100]
[3843, 1918, 955]
[4138, 2066, 1014]
[6840, 3417, 1703]
[9089, 4543, 2279]
[8386, 4192, 2095]
[863, 430, 224]
[1916, 956, 483]
[829, 413, 207]
[3648, 1823, 927]
[3646, 1821, 918]
[1553, 775, 396]
[5405, 2700, 1349]
[9881, 4938, 2459]
[7386, 3692, 1844]
[5489, 2742, 1375]
[7837, 3917, 1941]
[3217, 1607, 814]
[9712, 4852, 2417]
[4627, 2312, 1171]
[9648, 4823, 2417]
[3339, 1667, 847]
[9783, 4890, 2415]
[7574, 3786, 1896]
[8526, 4259, 2156]
[6338, 3168, 1574]
[2790, 1394, 695]
[5440, 2719, 1369]
[3216, 1606, 792]
[7420, 3708, 1869]
[5914, 2954, 1482]
[9957, 4976, 2482]
[1416, 706, 340]
[8703, 4350, 2195]
[877, 437, 220]
[6299, 3147, 1589]
[4783, 2390, 1194]
[1881, 939, 459]
[4090, 2044, 997]
[7329, 3660, 1828]
[3134, 1566, 785]
[4202, 2099, 1053]
[7924, 3960, 1967]
[433, 215, 113]
[9398, 4695, 2328]
[8894, 4446, 2210]
[5607, 2802, 1397]
[1578, 787, 397]
[7958, 3978, 1977]
[7955, 3976, 1974]
[7894, 3946, 1984]
[3799, 1897, 964]
[1646, 821, 408]
[6044, 3020, 1503]
[1787, 892, 441]
[8898, 4447, 2220]
[6831, 3414, 1709]
[9097, 4547, 2300]
[300, 149, 73]
[1850, 924, 451]
[1814, 904, 457]
[274, 136, 67]
[7585, 3790, 1860]
[7115, 3556, 1777]
[1040, 519, 260]
[8815, 4406, 2198]
[5524, 2760, 1384]
[4881, 2436, 1228]
[6511, 3254, 1633]
[4521, 2258, 1149]
[6343, 3170, 1578]
[3098, 1547, 793]
[8260, 4127, 2051]
[1654, 826, 415]
[765, 381, 189]
[8106, 4052, 2029]
[7680, 3838, 1916]
[1315, 655, 325]
[2741, 1368, 671]
[2647, 1322, 665]
[1151, 574, 288]
[591, 293, 143]
[9906, 4950, 2466]
[5076, 2537, 1280]
[6454, 3226, 1600]
[87, 42, 21]
[3551, 1774, 888]
[7736, 3865, 1944]
[1210, 602, 304]
[8896, 4446, 2204]
[3148, 1573, 785]
[5592, 2791, 1403]
[803, 400, 208]
[7451, 3724, 1826]
[8220, 4105, 2039]
[8497, 4247, 2127]
[3067, 1531, 758]
[4277, 2137, 1072]
[4706, 2352, 1195]
[1729, 861, 419]
[8406, 4198, 2100]
[2215, 1105, 547]
[3892, 1944, 981]
[9822, 4909, 2425]
[6927, 3459, 1728]
[3319, 1657, 823]
[9412, 4704, 2333]
[8118, 4057, 2045]
[8708, 4353, 2160]
[9380, 4688, 2354]
[1914, 950, 481]
[4978, 2486, 1266]
[9348, 4670, 2313]
[6731, 3364, 1693]
[1520, 758, 374]
[5107, 2549, 1275]
[598, 297, 150]
[9885, 4937, 2489]
[5408, 2701, 1335]
[1099, 548, 274]
[5055, 2525, 1288]
[8401, 4199, 2095]
[1558, 777, 392]
