[3793, 1895, 943]
[9699, 4848, 2434]
[6088, 3042, 1531]
[4965, 2481, 1244]
[9013, 4504, 2236]
[2520, 1259, 624]
[9968, 4982, 2493]
[6972, 3485, 1759]
[1332, 663, 324]
[3487, 1739, 850]
[4579, 2287, 1137]
[8786, 4389, 2199]
[6237, 3117, 1545]
[8753, 4374, 2192]
[2262, 1129, 551]
[4873, 2435, 1227]
[1023, 506, 258]
[9839, 4918, 2466]
[3270, 1634, 817]
[3409, 1702, 852]
[1672, 834, 419]
[4589, 2293, 1141]
[5718, 2857, 1411]
[5148, 2573, 1271]
[6666, 3331, 1651]
[1991, 993, 505]
[5184, 2590, 1313]
[4404, 2201, 1105]
[3268, 1633, 793]
[4079, 2037, 1027]
[5677, 2837, 1436]
[6406, 3201, 1609]
[1752, 875, 447]
[5993, 2995, 1481]
[40, 19, 10]
[5821, 2907, 1443]
[8311, 4154, 2071]
[879, 438, 218]
[4503, 2250, 1119]
[4509, 2253, 1149]
[7916, 3956, 1979]
[9768, 4883, 2469]
[9054, 4524, 2252]
[2668, 1332, 661]
[4273, 2135, 1069]
[7843, 3919, 1939]
[2576, 1285, 642]
[6454, 3225, 1629]
[5217, 2605, 1300]
[7547, 3772, 1892]
[9309, 4653, 2298]
[6899, 3448, 1715]
[8365, 4180, 2097]
[5910, 2954, 1472]
[1045, 518, 255]
[9474, 4736, 2341]
[3646, 1822, 911]
[8132, 4065, 2036]
[7734, 3865, 1927]
[991, 493, 248]
